3.847023724564457153e-02
4.586181428539315985e-01
6.485165598729064618e-01
1.269728480925595149e-01
1.515582113951035106e-02
3.052272107209510772e-03
4.909347258829315123e-15
5.881722691107266199e-01
1.437158667045896066e-01
2.221437300205110921e-03
4.825235030461021493e-03
1.530221444505165951e-01
4.410434356262013023e-04
2.507951578743061738e-01
6.871210149707330779e-06
5.985652172788934883e-02
1.561910766185528876e-01
6.519506697087363856e-01
2.461539570642021502e-01
3.054997756098327619e-02
1.039273186291724861e-02
4.176900749592830225e-02
6.210880032495416092e-01
5.630850877019295542e-01
9.785563364494077876e-02
1.862427798954130742e-01
9.089878452428755721e-04
2.953370124563939672e-02
2.773450770660674733e-02
1.667504026130313954e-01
2.350720229298276093e-02
2.060245444910449586e-01
5.140496735528762851e-02
1.509710413653082839e-01
7.692797356350310201e-02
3.506078998286226711e-01
5.036792528327358603e-02
9.633268147294772321e-01
3.854230655163835562e-01
9.807505629590015928e-02
1.784282111595657250e-01
9.371051879102081372e-01
2.315012776054726773e-01
1.135661930608832942e-01
1.191976861888017277e-06
5.941055646764488440e-02
4.426530144107581610e-01
7.138186779963889839e-02
6.138028084876740592e-02
6.344876439933636592e-01
8.145975723731947449e-01
5.227970612519982074e-01
6.070236453599936466e-01
9.139567220113276047e-01
7.768343758969704638e-01
9.938622845733317002e-01
5.969980577429058188e-01
5.604222511841703280e-01
8.856354197998230759e-01
9.127348867817548506e-01
9.616746502781312600e-01
8.744716876055912413e-01
3.452494415354955271e-01
9.902068678996915896e-01
9.349750830406546864e-01
9.729050662057869836e-01
9.460575050311040846e-01
7.606314139881404923e-01
8.000558167860755132e-01
9.410787813010044189e-01
9.953075884702342613e-01
6.920281683081492830e-01
9.081418265093971209e-01
8.714818190728793601e-01
9.475942470223713832e-01
9.375424731197006256e-01
9.908185412779371148e-01
9.263747636071610891e-01
9.895570191815976635e-01
6.040183144683953786e-01
3.051399884504769622e-01
9.946710424822887697e-01
9.009613362722924679e-01
9.867441368237225285e-01
9.012301276875321898e-01
9.656321404095663530e-01
9.693302021129858170e-01
9.135680378546326974e-01
9.356113024874174178e-01
8.652346337417957667e-01
5.955460078088169462e-01
8.233140875810891490e-01
7.916148187307062711e-01
8.243916471427352732e-01
9.214254091554983095e-01
9.422209250135736847e-01
9.649026350028629961e-01
9.255632972428580185e-01
9.461846561210355278e-01
8.293872866124599730e-01
