1.122395837187700664e-03
2.850577594309007812e-01
2.987461295368969150e-02
2.159374732841111075e-02
6.421953385316745734e-03
9.966059062526923251e-02
2.054818065223729812e-02
1.497259888685415104e-03
2.237078231070041209e-02
5.316242409695819821e-02
8.852684706678308089e-04
1.013567703555259270e-01
1.459330243643722040e-02
7.544412384790201778e-03
3.139241713751797112e-04
5.680007358738597967e-01
2.333994686451638934e-01
1.103694003856575169e-04
3.034960893413141472e-02
2.548345921541302420e-02
4.088918650298085933e-02
5.813985227739520631e-04
3.865195399149298772e-03
1.048479805851020713e-02
1.976863673340244210e-01
2.132238519326379589e-01
3.146446900545676884e-01
5.129215327399579971e-01
8.597635497060958365e-02
1.654448278557445889e-02
5.594023841986437567e-02
9.413127279612261145e-01
9.193952428936936760e-01
1.167248893571839891e-01
2.038536308545654471e-02
1.575773976640595367e-03
8.163686839669200349e-03
5.245275609362576655e-03
7.084969364615712611e-03
1.820934384754119562e-01
2.709171887940774529e-02
1.276111044031984351e-03
7.988861273839240051e-02
5.635238767058384224e-02
3.408698669846958219e-03
2.745658850368307147e-01
1.779691999251462042e-01
1.247819082704254741e-02
1.843393744236712650e-04
1.678259833198051179e-02
9.877135412247260993e-01
9.913311828780978496e-01
9.975135566510847651e-01
6.084478357028197948e-01
7.541124016170267508e-01
5.050427575265420410e-01
6.330049340365025146e-02
5.804186747258920365e-01
9.950174538945798508e-01
9.993315840400084360e-01
7.855252878720675458e-01
9.989482494782000455e-01
9.537145822645883841e-01
8.865974343359251941e-01
2.213223484726413448e-01
9.958350552474262152e-01
9.316679566211539809e-01
9.982581982607166005e-01
9.957418939289096604e-01
4.226928324658040803e-01
9.918581203962861803e-01
9.974623963677079486e-01
9.998778969987949239e-01
9.905053393324255717e-01
7.774390087503367797e-01
7.773152632172581900e-01
9.968230031508257261e-01
9.923259478330082040e-01
9.664855177504605432e-01
9.387761611328586664e-01
2.316885721619618421e-01
9.717913036676180116e-01
7.090723553925509792e-01
9.102080270923400551e-01
9.994294885187823274e-01
9.954922326694711776e-01
9.524477917297878848e-01
9.957167445938246431e-01
9.924785256771956332e-01
7.462348616447027627e-01
9.479347835961972057e-01
9.506539715016988357e-01
4.462658874373672258e-01
9.996114207519498640e-01
9.509935402749080113e-01
9.027772594088235847e-01
9.894315844910477331e-01
9.964425757169610431e-01
9.997382747024780025e-01
9.457444829601270309e-01
