6.162391548903080329e-02
6.048796810421939174e-01
6.053557841229257885e-01
1.150513690437632019e-01
9.795695982369671817e-02
1.905903343325632618e-02
3.871935330042462749e-08
5.272944974434788934e-01
1.071641904732895806e-01
2.238367552464372648e-02
1.133818401659234393e-01
1.322096958539943079e-01
6.894627907741284444e-03
2.979540998265430285e-01
3.119748105052691251e-03
6.957643340269388521e-02
2.480807931599827987e-01
6.690340108127054153e-01
6.571842329756424350e-01
8.227551692334007793e-02
5.158042529944305288e-02
4.680143614011714887e-02
5.689821863695571080e-01
6.439194139567875341e-01
1.346114521751587689e-01
3.293513310152706985e-01
1.553648531541612643e-02
3.272176637052440912e-02
2.963069974300984108e-02
1.972130872159481574e-01
3.299479026391383824e-02
1.847281451100412641e-01
5.104753564547640649e-02
2.516936724491151689e-01
4.053097681124294138e-01
5.007484866558075121e-01
6.880660175541694623e-02
9.451180029015402440e-01
3.169660334385234757e-01
8.599453265069392782e-02
2.846877471988988328e-01
9.152471216280428923e-01
1.977353923890417253e-01
1.343264358888903998e-01
7.939159092392307450e-04
5.778242549591139365e-02
4.240560689444521358e-01
9.402456921319847505e-02
7.690604985149450401e-02
6.168790916165550753e-01
8.909570174091590022e-01
3.956286568812480975e-01
7.609474808329915740e-01
8.343763411288296350e-01
7.273790799991558531e-01
9.860844854720661745e-01
5.385272598199715155e-01
4.893947412286392407e-01
8.166151050477169493e-01
8.877056439274937372e-01
9.317912528482406032e-01
8.255501356163152948e-01
2.597038690571766839e-01
9.790245634104652872e-01
9.156122032100032504e-01
9.419300737527566136e-01
9.101277070210084252e-01
8.270696437726555716e-01
6.881942526489726042e-01
9.182383228946934262e-01
9.910488696733734670e-01
5.662167894596246143e-01
8.443637702663909783e-01
7.792128150709315415e-01
9.102252996054606138e-01
9.319032736499703873e-01
9.769546346480695309e-01
8.586693531147111536e-01
9.830833045893428990e-01
4.748240518419740153e-01
2.275697924237363445e-01
9.950244500848012263e-01
8.824186277671460799e-01
9.752987402038501008e-01
8.257180666971672967e-01
9.407480118178405126e-01
9.419868846814296592e-01
8.530695142675527309e-01
8.902760775467880583e-01
9.307810731353817202e-01
4.645490332292924185e-01
7.525980650207816369e-01
7.167322393843700290e-01
7.660901080304064470e-01
8.790764865208452461e-01
8.859814324756642989e-01
9.226029691285436707e-01
8.745839080203953175e-01
9.501455362742671218e-01
7.261190624832043472e-01
