3.385696443090110974e-01
4.404783208492669272e-02
4.040890408968392938e-02
6.938101220621770149e-02
6.963215565500330273e-02
1.556254781114211894e-01
8.088014882537962469e-02
4.245859116999456395e-03
1.328307238667483237e-01
2.541355798125947626e-02
5.176085100640539366e-02
5.526272436830025753e-02
6.855958558972291561e-02
7.180016165448827037e-02
2.175436110496419689e-02
4.946747792647900877e-01
1.866259543032986606e-02
4.141194467861360889e-02
1.055460393369706679e-01
1.340992133779088553e-02
1.438954186217723634e-02
1.457645207380896535e-01
8.115744575477869260e-02
1.070943395183264618e-01
7.051019239198947491e-03
8.970619614142019346e-03
3.295701510093530101e-02
2.576240607636929858e-01
1.814921006519085861e-02
5.906281370397584718e-01
8.790904326833273719e-02
1.726906859059432892e-02
7.215140057243943188e-03
2.117441981304624479e-02
2.172800685010760902e-01
7.189445501376695580e-02
2.115977199864426672e-01
2.813455742376930746e-01
2.501097040246162348e-02
2.645471431750151883e-02
7.179319580980485227e-02
2.934936980887580676e-02
1.147125293755728477e-02
1.099341547427929583e-01
6.992846479920708513e-02
1.122534665354476963e-01
1.795745804141715349e-02
6.099312416234787919e-03
4.914297811158126889e-02
1.179240974155775001e+00
6.281554456560972666e-02
1.241324764769345945e-01
2.923194988325170107e-02
1.267208109001338179e-01
6.889142145729167110e-02
8.071498465432728683e-03
7.480014020522704477e-02
5.605691680421187595e-02
1.044703603389739999e-01
5.894919591804933384e-02
2.961118684574739687e-02
2.162045993151536644e-02
6.410406266897893390e-01
1.291739737459493886e+00
7.629761551648621687e-01
6.214174836012821279e-01
5.882257278046263416e-01
7.497732010804404323e-01
7.145637897881937928e-01
1.486065240800244380e+00
2.241920240078896231e+00
1.199006576719326533e+00
1.161399174740480156e+00
9.033794972952338131e-01
1.239735234234977446e+00
5.786065143051760673e-01
8.912744590697522229e-01
7.337251019444848144e-01
9.667144155158085006e-01
3.955787814144762216e-01
9.072660801254981422e-01
2.291089819199161326e+00
1.214015285062242100e+00
1.005518294732450801e+00
6.076581902271922520e-01
5.463246169489514026e-01
6.784996661692932474e-01
1.079862403979802821e+00
1.617486525240289685e+00
9.673284793033204432e-01
6.307163622028369998e-01
9.262548748860138792e-01
7.296848536990445666e-01
9.955284824690648904e-01
7.980329913246450024e-01
1.402446162909861016e+00
1.160080402928826526e+00
6.167062849178754913e-01
1.104304512139693717e+00
1.347519835294842316e+00
1.716210363536950112e+00
9.319220829350427504e-01
8.379747556288258403e-01
1.328177276209992375e+00
4.335882015501759112e-01
8.454694998204064227e-01
8.953022689582074145e-01
1.181786501676319157e+00
7.044995540249927579e-01
5.367277916288927253e-01
1.308031755660827411e+00
4.923500686737081189e-01
1.101990633639251094e+00
5.594073994231435476e-01
4.371567057150745894e-01
1.249394913063216039e+00
1.557403084780224045e+00
7.112068589102612526e-01
1.252071637622957034e+00
9.143572903313803568e-01
8.078671707430606919e-01
8.111506839080159237e-01
6.599465546370445468e-01
1.083073589307668394e+00
