1.183441617816428840e+07
2.777127702720765956e+06
2.044655176411472633e+07
1.572468885432910873e+06
4.666248646026659408e+05
5.655663088870077394e+06
6.720695644614278572e+05
4.712205254675649339e+05
1.877786156765160849e+06
1.104098148720280151e+05
4.138624406287183519e+06
4.816902921183564467e+05
4.144278830745999236e+06
1.807153428227671422e+06
1.418519835538550105e+05
1.143959937441299902e+06
1.557794423636623891e+06
3.111873028399474453e+06
3.956018510428867885e+05
1.191617755991803569e+05
2.070255675356711959e+06
1.151708489237919275e+05
1.157129837004042231e+06
4.707992880740019493e+06
5.658224536964182043e+05
9.431444856161795557e+06
3.981413955299443915e+05
1.074487666238881182e+06
1.720820727565933485e+06
1.435367653029171750e+06
4.849081878103094641e+05
3.400889919005278032e+06
5.632530332703924738e+06
2.484806746340567619e+07
4.531688036684012623e+05
1.455357136062930711e+07
7.563467889930333477e+05
1.261363653645504732e+06
4.421458623934542411e+05
1.004037655050619878e+07
2.634976940334234852e+06
7.122484075672854669e+06
4.500478740242065978e+05
1.976729065685368842e+05
3.398973335642999038e+06
1.068292229832108319e+07
6.450778417380605824e+06
3.368891267152767396e+05
9.689240969305579783e+05
1.448096986612989800e+06
1.493751248935192591e+06
2.205940853157508827e+05
3.975932267136713490e+06
2.116670203158859513e+05
2.089819292771188542e+06
3.430247468227876234e+05
5.806128771181644872e+06
4.487947509636245668e+06
2.907250089203301352e+06
6.768568625787949422e+05
1.082838507109901682e+07
4.014047023147371132e+06
3.908665273837193381e+06
3.095581042968286783e+05
3.360463481888636597e+05
2.751477663321339991e+06
3.743567874937343877e+05
1.371772321825090796e+07
6.409726153476132313e+05
8.843339003995080711e+05
2.600025743471488822e+05
2.447726532452093670e+05
3.346476078681462095e+05
1.569710916651265929e+06
7.786261091408758657e+05
1.918250189838260645e+06
8.368865150919066509e+05
1.061331642691603117e+07
1.917668988880045945e+06
3.708821858755530324e+06
2.170436555510946549e+06
7.388971673353864811e+06
4.320591115776190534e+06
7.977873381167777814e+06
2.948917679095071740e+06
3.014874960228154087e+05
4.212500422542220913e+05
9.104062175552435219e+05
4.311256891578268260e+05
1.445831704745620023e+06
8.573000479006348178e+05
2.207585933295193594e+06
2.859742164051094092e+06
2.088778622008270468e+05
2.897491144680243451e+05
1.921588340058154427e+05
4.640298386947055347e+06
1.953537357127145166e+06
1.132933762090482516e+06
5.280941402227175422e+05
1.626392905453568324e+06
3.059317000768410508e+05
3.375052520173671655e+05
5.711222698406308889e+06
6.676992738429969177e+06
1.055830162598533556e+06
2.559778987929611467e+06
2.678990958136110101e+06
2.518096697711976885e+05
6.286893678528825985e+05
6.602755393257399090e+06
3.282460621683163918e+05
8.184980888085539453e+06
3.839812181530524511e+06
1.531212082192774862e+06
7.417932735374544282e+05
5.217499867930808105e+05
2.376413852583049331e+06
3.677489498628608417e+06
1.403231901511349250e+06
8.446656742590457201e+06
1.433323716630401090e+06
3.763164609509325121e+06
1.658289345013505372e+05
7.066370710345943226e+05
3.051753449833171442e+06
2.556639467257621582e+05
7.540639439772293903e+06
1.546698018933073618e+06
1.571619235234112479e+06
7.368146940195045900e+05
9.398071108884755522e+06
1.152463263812444173e+07
1.758053420449694677e+05
1.481920913292680343e+05
7.044209649558084784e+05
1.099434212079516985e+07
1.369565980415126251e+05
2.020120901564166415e+05
4.638090938783953898e+05
4.216033903606633656e+06
2.636767285872922745e+06
2.576926299605669046e+05
3.558104360017111758e+05
5.118802936635583639e+06
1.294595250220775633e+05
2.358951585034390155e+05
3.414004004603424110e+06
1.847715857564447506e+05
1.514270506742715079e+05
3.596528434478896088e+05
1.299880587304450455e+05
2.323755238497055834e+05
1.229958588012553286e+06
8.133902036219432950e+06
7.230092386509130010e+05
8.925685545965638012e+06
5.412872862087766640e+06
3.038572379437092226e+06
1.026645036009656638e+07
1.933491730015435489e+06
1.451491239975171909e+07
5.301874991501811892e+06
5.439135030159699963e+05
1.004102143754188088e+06
1.811509563537793234e+07
6.372316328055821214e+04
2.254837741135135293e+06
1.094717289975254564e+06
3.998924866478666198e+06
1.128082431841079611e+06
1.346788454133029329e+06
3.917283404789339751e+06
1.251438299869790440e+06
5.346569688226846978e+06
5.407988798922288232e+06
1.485674572239631787e+07
4.045395471304116654e+05
5.362606665097061777e+05
2.241466939418750349e+06
2.081217573384812567e+06
1.843405067010293715e+05
3.289280569345361087e+06
1.011891246765927412e+06
8.697147256117936224e+06
3.593484825621226337e+05
3.302097428510485590e+07
5.213343187029008986e+05
2.760346924830191210e+07
1.108739752245291835e+06
2.042052546045189025e+06
3.226071833302666899e+06
3.726719304626124795e+05
1.128084787731129210e+06
6.811114484213483520e+05
4.980193944474777090e+05
9.352325315345207229e+06
2.959177285793928313e+05
4.266800279776132666e+06
3.053203140982603654e+05
5.966369000459323870e+05
2.060024748878644407e+07
4.314508626762424596e+06
7.120785945590012125e+04
1.545329591473060101e+07
4.342466579512132448e+05
1.960368145972013101e+07
5.653883121119154617e+06
1.194083072487892583e+06
1.539405351971524581e+07
1.794721837053751806e+06
1.763580348963949131e+06
1.018693761388263665e+06
4.630955961633691913e+05
1.729403548925989016e+05
7.960635338893505977e+05
1.509188665790427662e+07
3.083457983032932505e+06
1.898196227898619545e+05
1.203850973599230405e+06
8.699468392778852955e+06
8.713333301772192121e+06
5.543505383633919992e+05
3.255394668095348752e+05
8.983782550129614770e+06
1.751745861625643156e+05
4.418140157403754070e+06
2.641750035871671280e+05
2.210681217507989611e+06
1.778872938405004330e+06
1.080716720495762129e+05
1.288540903825788846e+05
2.549559743452953175e+06
6.775865695945130661e+06
4.957518460879989900e+06
1.615191091896430403e+07
3.506767484517388511e+05
1.333667670310938498e+06
2.501241902243264776e+05
5.474565476476819022e+05
3.073822934927651077e+05
9.365617421771836234e+05
2.133828702467526309e+06
6.422450885775618954e+05
1.323742677201960236e+07
5.626245735254874453e+06
1.152478428848130256e+07
1.379848625429882668e+05
3.896717351508774445e+05
3.225024754827868659e+06
